+----+----------+-----------+-----------+-----------+-----------+-----------+-----------+-----------+-----------+-----------+------------+------------+------------+---------+
|    | number   |   label1x |   label2x |   label3x |   label4x |   label5x |   label6x |   label7x |   label8x |   label9x |   label10x |   label11x |   label12x |   total |
|----+----------+-----------+-----------+-----------+-----------+-----------+-----------+-----------+-----------+-----------+------------+------------+------------+---------|
|  0 | 0.0      | 0.0310559 | 0.0807453 | 0.10559   | 0.0745342 | 0.0745342 | 0.0993789 | 0.111801  | 0.118012  | 0         |  0.068323  |  0.124224  |  0.111801  |     161 |
|  1 | 1.0      | 0.122159  | 0.105114  | 0.0568182 | 0.0965909 | 0.0795455 | 0.0681818 | 0.0340909 | 0.159091  | 0.0426136 |  0.0965909 |  0.03125   |  0.107955  |     352 |
|  2 | 2.0      | 0.114428  | 0.0895522 | 0.104478  | 0.0995025 | 0.0995025 | 0.0248756 | 0.114428  | 0.0248756 | 0         |  0.134328  |  0.079602  |  0.114428  |     201 |
|  3 | 3.0      | 0.075     | 0.07      | 0.075     | 0.05      | 0.06      | 0.135     | 0.08      | 0.055     | 0.165     |  0.075     |  0.16      |  0         |     200 |
|  4 | 4.0      | 0.0598958 | 0.0807292 | 0.119792  | 0.0755208 | 0.0833333 | 0.0885417 | 0.106771  | 0.117188  | 0.0729167 |  0.0729167 |  0.0807292 |  0.0416667 |     384 |
|  5 | 5.0      | 0.0992647 | 0.0845588 | 0.0735294 | 0.0919118 | 0.0955882 | 0.117647  | 0.0551471 | 0.0661765 | 0.139706  |  0.0845588 |  0.0404412 |  0.0514706 |     272 |
|  6 | 6.0      | 0.101124  | 0.117978  | 0.0786517 | 0.134831  | 0.0842697 | 0.0786517 | 0.0674157 | 0.0617978 | 0         |  0.0449438 |  0.117978  |  0.11236   |     178 |
|  7 | 7.0      | 0.0801394 | 0.108014  | 0.0801394 | 0.0731707 | 0.0766551 | 0.0766551 | 0.0836237 | 0.181185  | 0         |  0.146341  |  0         |  0.0940767 |     287 |
|  8 | 8.0      | 0.0414508 | 0.0725389 | 0.0310881 | 0.129534  | 0.0621762 | 0.134715  | 0.0932642 | 0.0414508 | 0.212435  |  0.0673575 |  0.11399   |  0         |     193 |
|  9 | 9.0      | 0.105634  | 0.084507  | 0.0680751 | 0.103286  | 0.0915493 | 0.0680751 | 0.0774648 | 0.0868545 | 0.126761  |  0.084507  |  0.0539906 |  0.0492958 |     426 |
| 10 | 10.0     | 0.107034  | 0.0978593 | 0.0917431 | 0.0917431 | 0.0672783 | 0.0795107 | 0.107034  | 0.030581  | 0         |  0.100917  |  0.17737   |  0.0489297 |     327 |
| 11 | 11.0     | 0.0841584 | 0.10396   | 0.0990099 | 0.0792079 | 0.0990099 | 0.113861  | 0.0594059 | 0.108911  | 0.133663  |  0.118812  |  0         |  0         |     202 |
| 12 | 12.0     | 0.129032  | 0.0645161 | 0.0537634 | 0.139785  | 0.0645161 | 0.182796  | 0.0645161 | 0.0430108 | 0         |  0.0215054 |  0         |  0.236559  |      93 |
| 13 | 13.0     | 0.118081  | 0.0922509 | 0.0848708 | 0.107011  | 0.143911  | 0.0848708 | 0.107011  | 0.0738007 | 0         |  0.0516605 |  0.0701107 |  0.0664207 |     271 |
| 14 | 14.0     | 0.0669014 | 0.0950704 | 0.0669014 | 0.112676  | 0.0669014 | 0.112676  | 0.0880282 | 0.0528169 | 0.0880282 |  0.0774648 |  0         |  0.172535  |     284 |
| 15 | 15.0     | 0.0649351 | 0.038961  | 0.025974  | 0.0519481 | 0.038961  | 0.0194805 | 0.0714286 | 0         | 0.116883  |  0.0779221 |  0.12987   |  0.363636  |     154 |
| 16 | 16.0     | 0.0697674 | 0.0872093 | 0.0406977 | 0.0755814 | 0.0581395 | 0.0930233 | 0         | 0.104651  | 0         |  0.110465  |  0.162791  |  0.197674  |     172 |
| 17 | 17.0     | 0.0893855 | 0.0782123 | 0.0949721 | 0.0726257 | 0.106145  | 0.0558659 | 0.0726257 | 0.117318  | 0.145251  |  0.0893855 |  0         |  0.0782123 |     179 |
| 18 | 18.0     | 0.0842105 | 0.0526316 | 0.0315789 | 0.0842105 | 0.0315789 | 0.189474  | 0.0736842 | 0.0736842 | 0.178947  |  0.0210526 |  0         |  0.178947  |      95 |
| 19 | 19.0     | 0.105263  | 0.0756579 | 0.0888158 | 0.0723684 | 0.0888158 | 0.0723684 | 0.0855263 | 0.0888158 | 0.131579  |  0.0493421 |  0         |  0.141447  |     304 |
| 20 | 20.0     | 0.0888889 | 0.0666667 | 0.0888889 | 0.0518519 | 0.103704  | 0.0592593 | 0.0222222 | 0.0666667 | 0.2       |  0.037037  |  0.148148  |  0.0666667 |     135 |
| 21 | 21.0     | 0.0828729 | 0.0883978 | 0.138122  | 0.0718232 | 0.0607735 | 0.0662983 | 0.138122  | 0.0773481 | 0.104972  |  0.104972  |  0.0662983 |  0         |     181 |
| 22 | 22.0     | 0.0601504 | 0.075188  | 0.0225564 | 0.120301  | 0.0526316 | 0.037594  | 0.0526316 | 0.120301  | 0         |  0.150376  |  0.0902256 |  0.218045  |     133 |
| 23 | 23.0     | 0.0526316 | 0.0789474 | 0.0639098 | 0.0676692 | 0.0714286 | 0.101504  | 0.056391  | 0.135338  | 0.0639098 |  0.0300752 |  0.203008  |  0.075188  |     266 |
| 24 | 24.0     | 0.0972222 | 0.159722  | 0.0555556 | 0.0972222 | 0.111111  | 0.104167  | 0.0486111 | 0.0833333 | 0.118056  |  0.0486111 |  0         |  0.0763889 |     144 |
| 25 | 25.0     | 0.0751445 | 0.156069  | 0.0867052 | 0.0809249 | 0.0404624 | 0.0578035 | 0.127168  | 0.0578035 | 0.190751  |  0.0693642 |  0.0578035 |  0         |     173 |
| 26 | 26.0     | 0.0678733 | 0.0950226 | 0.0678733 | 0.0633484 | 0.117647  | 0.081448  | 0.0497738 | 0.122172  | 0.144796  |  0.113122  |  0         |  0.0769231 |     221 |
| 27 | 27.0     | 0.102564  | 0.128205  | 0.153846  | 0.102564  | 0.108974  | 0.0576923 | 0.121795  | 0.141026  | 0         |  0.0833333 |  0         |  0         |     156 |
| 28 | 28.0     | 0.089172  | 0.0573248 | 0.127389  | 0.101911  | 0.0700637 | 0.0700637 | 0.089172  | 0.165605  | 0         |  0.0573248 |  0.0764331 |  0.0955414 |     157 |
| 29 | 29.0     | 0.0993377 | 0.0397351 | 0.013245  | 0.0529801 | 0.112583  | 0.145695  | 0.0331126 | 0         | 0.271523  |  0.231788  |  0         |  0         |     151 |
| 30 | 30.0     | 0.101382  | 0.119816  | 0.129032  | 0.115207  | 0.133641  | 0.078341  | 0.0967742 | 0.0368664 | 0.105991  |  0.0829493 |  0         |  0         |     217 |
| 31 | 31.0     | 0.104762  | 0.0547619 | 0.0880952 | 0.0690476 | 0.0809524 | 0.102381  | 0.097619  | 0.0452381 | 0.0785714 |  0.0595238 |  0.111905  |  0.107143  |     420 |
| 32 | 32.0     | 0.062963  | 0.0407407 | 0.155556  | 0.0444444 | 0.0333333 | 0.0296296 | 0.137037  | 0.0851852 | 0.207407  |  0.0592593 |  0.1       |  0.0444444 |     270 |
| 33 | 33.0     | 0.0779221 | 0.0649351 | 0.142857  | 0.116883  | 0.0649351 | 0.0649351 | 0.155844  | 0         | 0         |  0.0519481 |  0.25974   |  0         |      77 |
| 34 | 34.0     | 0.0588235 | 0.117647  | 0.0735294 | 0.0882353 | 0.191176  | 0.0735294 | 0.0882353 | 0.0735294 | 0         |  0.235294  |  0         |  0         |      68 |
| 35 | 35.0     | 0.168     | 0.088     | 0.056     | 0.112     | 0.088     | 0.08      | 0.12      | 0.04      | 0         |  0.128     |  0         |  0.12      |     125 |
| 36 | 36.0     | 0.057971  | 0.0507246 | 0.0507246 | 0.0797101 | 0.0869565 | 0.101449  | 0.0652174 | 0.0507246 | 0.297101  |  0.0507246 |  0         |  0.108696  |     138 |
| 37 | 37.0     | 0.0967742 | 0.078341  | 0.0599078 | 0.101382  | 0.0921659 | 0.165899  | 0.078341  | 0.0368664 | 0.0875576 |  0.0552995 |  0.147465  |  0         |     217 |
| 38 | 38.0     | 0.0632411 | 0.0750988 | 0.0790514 | 0.0632411 | 0.0790514 | 0.0869565 | 0.0592885 | 0.13834   | 0.0434783 |  0.0316206 |  0.055336  |  0.225296  |     253 |
| 39 | 39.0     | 0.0766129 | 0.0685484 | 0.0443548 | 0.0604839 | 0.0403226 | 0.0766129 | 0.0725806 | 0.100806  | 0.0604839 |  0.145161  |  0.0806452 |  0.173387  |     248 |
| 40 | 40.0     | 0.0765027 | 0.0819672 | 0.0819672 | 0.0874317 | 0.0491803 | 0.0655738 | 0.136612  | 0.131148  | 0         |  0.114754  |  0.174863  |  0         |     183 |
| 41 | 41.0     | 0.0534979 | 0.0576132 | 0.037037  | 0.106996  | 0.123457  | 0.0452675 | 0.0864198 | 0.0411523 | 0.156379  |  0.0452675 |  0.17284   |  0.0740741 |     243 |
| 42 | 42.0     | 0.0430108 | 0.0322581 | 0.107527  | 0.0645161 | 0.0860215 | 0.0752688 | 0.129032  | 0         | 0.397849  |  0.0645161 |  0         |  0         |      93 |
| 43 | 43.0     | 0.059633  | 0.0321101 | 0.0550459 | 0.0504587 | 0.0688073 | 0.0825688 | 0.0458716 | 0.0137615 | 0.0917431 |  0.0963303 |  0.0733945 |  0.330275  |     218 |
| 44 | 44.0     | 0.0810811 | 0.0945946 | 0.10473   | 0.0844595 | 0.118243  | 0.0675676 | 0.0945946 | 0.128378  | 0.0506757 |  0.125     |  0         |  0.0506757 |     296 |
| 45 | 45.0     | 0.0742574 | 0.0841584 | 0.178218  | 0.0891089 | 0.0643564 | 0.0841584 | 0.0792079 | 0.118812  | 0.0693069 |  0.019802  |  0         |  0.138614  |     202 |
| 46 | 46.0     | 0.0700935 | 0.0654206 | 0.0514019 | 0.0794393 | 0.0654206 | 0.0654206 | 0.0514019 | 0.088785  | 0.0233645 |  0.0981308 |  0.21028   |  0.130841  |     214 |
| 47 | 47.0     | 0.118343  | 0.118343  | 0.0887574 | 0.130178  | 0.0946746 | 0.12426   | 0.035503  | 0.100592  | 0         |  0.100592  |  0         |  0.0887574 |     169 |
| 48 | 48.0     | 0.0823045 | 0.0617284 | 0.0740741 | 0.090535  | 0.119342  | 0.0740741 | 0.0452675 | 0.0658436 | 0.0823045 |  0.0288066 |  0.213992  |  0.0617284 |     243 |
| 49 | 49.0     | 0.0642857 | 0.128571  | 0.0642857 | 0.0642857 | 0.1       | 0.0714286 | 0.142857  | 0.1       | 0.107143  |  0.157143  |  0         |  0         |     140 |
| 50 | 50.0     | 0.0331492 | 0.104972  | 0.138122  | 0.0441989 | 0.0718232 | 0.038674  | 0.143646  | 0.0828729 | 0         |  0.0662983 |  0.19337   |  0.0828729 |     181 |
| 51 | 51.0     | 0.12      | 0.12      | 0.08      | 0.1       | 0.06      | 0.04      | 0.02      | 0.2       | 0         |  0         |  0.26      |  0         |      50 |
| 52 | 52.0     | 0.0196078 | 0.0980392 | 0.117647  | 0.0588235 | 0.117647  | 0.0588235 | 0.0392157 | 0.176471  | 0.235294  |  0.0784314 |  0         |  0         |      51 |
| 53 | 53.0     | 0.0920245 | 0.0490798 | 0.128834  | 0.0490798 | 0.0797546 | 0.0368098 | 0.122699  | 0         | 0         |  0.0674847 |  0.282209  |  0.0920245 |     163 |
| 54 | 54.0     | 0.0947368 | 0.0526316 | 0.0421053 | 0.0842105 | 0.0736842 | 0.110526  | 0.0684211 | 0.152632  | 0         |  0.2       |  0.0631579 |  0.0578947 |     190 |
| 55 | 55.0     | 0.043956  | 0.043956  | 0.10989   | 0.0549451 | 0.0659341 | 0.0769231 | 0.0549451 | 0.153846  | 0         |  0.120879  |  0.274725  |  0         |      91 |
| 56 | 56.0     | 0.0859729 | 0.0995475 | 0.081448  | 0.0950226 | 0.108597  | 0.122172  | 0.126697  | 0.113122  | 0         |  0.0361991 |  0.131222  |  0         |     221 |
| 57 | 57.0     | 0.111111  | 0.0818713 | 0.111111  | 0.0467836 | 0.0643275 | 0.0818713 | 0.111111  | 0.0350877 | 0.19883   |  0.0760234 |  0         |  0.0818713 |     171 |
| 58 | 58.0     | 0.0659341 | 0.0879121 | 0.131868  | 0.0659341 | 0.0879121 | 0.0989011 | 0.0769231 | 0         | 0.186813  |  0.197802  |  0         |  0         |      91 |
| 59 | 59.0     | 0.0721311 | 0.114754  | 0.0754098 | 0.0819672 | 0.0721311 | 0.0688525 | 0.0786885 | 0.0459016 | 0.0885246 |  0.0360656 |  0.2       |  0.0655738 |     305 |
|  0 | TOTAL    | 4.89486   | 4.99349   | 5.02817   | 5.00564   | 5.00364   | 5.02605   | 4.95232   | 4.93077   | 5.21661   |  5.14871   |  4.98941   |  4.81034   |   12000 |
+----+----------+-----------+-----------+-----------+-----------+-----------+-----------+-----------+-----------+-----------+------------+------------+------------+---------+